circle
250 250 1
circle
250 250 10
circle
250 250 20
circle
250 250 30
circle
250 250 40
circle
250 250 50
circle
250 250 60
circle
250 250 70
circle
250 250 80
circle
250 250 90
circle
250 250 100
circle
250 250 110
circle
250 250 120
circle
250 250 130
circle
250 250 140
circle
250 250 150
circle
250 250 160
circle
250 250 170
circle
250 250 180
circle
250 250 190
circle
250 250 200
circle
250 250 210
circle
250 250 220
circle
250 250 230
circle
250 250 240
circle
250 250 250
bezier
0 0 500 250 450 250 500 500
bezier
0 500 500 250 450 250 500 0
bezier
0 0 189 67 300 221 500 500
bezier
0 500 50 300 487 12 500 0
bezier
0 0 40 59 100 101 500 500
bezier
0 500 400 400 405 3 500 0
bezier
0 0 20 20 350 350 500 500
bezier
0 500 250 250 499 100 500 0
display
quit

